0 0.8758996411458333 0.051205028703703706 0.015584153125000055 0.022262112962962953
0 0.7606111286458332 0.025092248148148144 0.01667908645833338 0.011229055555555551
0 0.5853922328125001 0.05698771574074074 0.051635601041666646 0.02297998333333332
0 0.782759325 0.15900920555555556 0.08955950833333326 0.10516309629629629
0 0.7961452083333334 0.21394697870370372 0.01313096250000001 0.02386120555555557
0 0.5917727906250001 0.26679255740740737 0.01067966041666668 0.01433970000000001
0 0.6369518140625 0.3602550027777778 0.009388238541666594 0.02381481296296295
0 0.6767606536458334 0.5043596194444445 0.023569953124999987 0.028317594444444538
0 0.7002692911458333 0.49119371759259256 0.014016267708333197 0.018683731481481558
0 0.7365867640625 0.5337387592592593 0.03845397604166667 0.026758944444444488
0 0.8880526395833332 0.5344978712962962 0.028556968750000133 0.05768056851851855
0 0.9536949588541667 0.5320375648148148 0.02128275104166666 0.01485930000000002
0 0.9328827510416666 0.13662217222222223 0.007592918750000122 0.02900302962962964
0 0.8748485036458333 0.14142254259259257 0.005855519791666763 0.0043873555555555555
0 0.5381831864583333 0.6166330296296296 0.004759114583333335 0.005446325925925866
0 0.702570271875 0.5024909055555555 0.015457893749999951 0.011770114814814825
