0 0.6672598869791667 0.2546189638888889 0.011719523958333422 0.028249949999999996
5 0.7495833333333333 0.33985185185185185 0.008749999999999925 0.009703703703703659
0 0.5167613036458333 0.7549925731481482 0.00810907395833338 0.03615189814814812
0 0.5507918427083334 0.8912122648148149 0.044909454166666696 0.12275280370370367
0 0.5558609307291666 0.9311276194444444 0.009714763541666782 0.06075079444444442
5 0.6431875 0.8693333333333333 0.004302083333333262 0.006833333333333358
5 0.5040833333333333 0.9395925925925925 0.006895833333333323 0.007574074074074066
5 0.522625 0.9757222222222223 0.006541666666666668 0.006685185185185238
0 0.9898333333333333 0.9106851851851852 0.014375000000000027 0.006129629629629707
0 0.6639678333333333 0.9067768203703703 0.0053195895833333395 0.07328875185185191
0 0.6697587484375 0.9904028148148147 0.004136455208333278 0.019194370370370417
