5 0.5054208015625 0.2760772805555555 0.020620076041666657 0.014828572222222225
5 0.462558509375 0.2759815935185185 0.009554947916666667 0.010440961111111091
0 0.4392927020833333 0.34205026018518514 0.007137702083333308 0.006304601851851832
0 0.59438863125 0.39574797500000003 0.010652262499999954 0.00584346111111117
5 0.4406890869791667 0.5597504342592593 0.007051188541666642 0.02283420185185192
5 0.440481134375 0.6287709342592593 0.004933977083333263 0.07198994999999997
5 0.4401464848958333 0.6741782407407408 0.004261067708333288 0.016458333333333353
5 0.9775547828125 0.27430800555555557 0.044890434375000066 0.012695807407407445
5 0.8857620270833333 0.2790219842592593 0.08876665624999991 0.021119257407407332
5 0.7523622640625001 0.27197518796296294 0.019099528125000043 0.008765190740740725
5 0.6674956994791666 0.27340179537037035 0.011556613541666705 0.012174168518518491
0 0.995091771875 0.4624415472222222 0.00981645625000005 0.05028903518518518
5 0.9044390828125 0.9508033462962963 0.01201979270833331 0.015252318518518493
5 0.8526689479166667 0.9016914648148148 0.01225802916666674 0.029981829629629697
0 0.8299039489583333 0.8137579611111111 0.011659406249999948 0.03210156666666664
0 0.7871184802083334 0.9092825833333333 0.008051660416666717 0.01968913333333333
0 0.8427996156249999 0.9850322157407407 0.0030469520833332764 0.005997094444444517
0 0.9275490583333333 0.5833949759259259 0.006853887499999933 0.011023911111111229
5 0.9887689833333333 0.5870182824074075 0.004196266666666726 0.008498483333333362
