0 0.5257023354166667 0.3044771972222222 0.04753686250000011 0.022824257407407456
0 0.14124520416666667 0.9186754648148148 0.032617341666666674 0.09251478148148162
5 0.17342469635416666 0.8208706777777777 0.006014394791666655 0.008487066666666654
5 0.2401178484375 0.6983602250000001 0.005237023958333337 0.007563642592592568
5 0.27097372760416666 0.7486389740740742 0.0037003322916666637 0.006807725925925934
5 0.28445833333333337 0.6719444444444445 0.0030833333333332713 0.006129629629629596
5 0.2614375 0.6607037037037038 0.003500000000000003 0.0062037037037036
5 0.2604375 0.6758518518518518 0.0029479166666667167 0.00651851851851859
5 0.27196875 0.5817592592592593 0.0043020833333333175 0.00779629629629619
5 0.18625 0.8017407407407406 0.003541666666666665 0.0060740740740740096
5 0.16577083333333334 0.8687407407407408 0.0030312499999999853 0.005814814814814828
