5 0.422647675 0.20751260925925924 0.08163736458333337 0.02359836296296297
5 0.5170650421875 0.27247705833333336 0.015974578124999916 0.027453412962962997
5 0.54549295 0.2634666361111111 0.01324138541666664 0.014950879629629599
5 0.6152204244791667 0.18760623333333332 0.03634641562499996 0.003843640740740756
0 0.6421118166666666 0.25453125 0.004431966666666676 0.007187500000000013
5 0.6936049317708334 0.18177337407407407 0.014925230208333362 0.006292755555555557
5 0.9834257682291667 0.17224938148148147 0.009131686458333399 0.023402900000000004
5 0.37811543802083336 0.24729383703703706 0.01049113020833331 0.03384693333333333
5 0.3746364338541667 0.30133933796296297 0.0034395343749999974 0.016535735185185196
5 0.38762878437500004 0.23986364351851852 0.0033825687500000368 0.008880931481481447
0 0.3949920651041667 0.2716304981481481 0.019390055208333368 0.025112848148148126
0 0.8509458416666666 0.9757989731481481 0.003497314583333355 0.006307146296296251
0 0.8510577390625 0.3589460361111111 0.0036088052083332878 0.007922453703703647
