0 0.09768627656250001 0.35759598425925926 0.02316896145833333 0.046523290740740686
0 0.09192771875 0.3518237268518518 0.016086110416666674 0.028178346296296286
0 0.1713398015625 0.2479360888888889 0.012550809375 0.012716388888888902
0 0.16277365677083333 0.4856308620370371 0.012429469791666703 0.007089057407407451
0 0.1808321046875 0.48717612222222223 0.00873678645833334 0.007115981481481404
0 0.24110720260416668 0.5224949564814815 0.05471419895833332 0.00678086481481488
0 0.3063268848958334 0.5821889935185185 0.02555159270833335 0.01837753148148158
0 0.3726703828125 0.46494781203703706 0.16178925520833337 0.0395663277777778
0 0.34512290833333337 0.39452829814814816 0.009402954166666644 0.008482011111111076
0 0.34890499166666666 0.3029243888888889 0.00635084791666668 0.01266093333333329
0 0.4569845171875 0.6419595592592593 0.007931438541666613 0.04006030000000005
0 0.481127553125 0.7122897268518519 0.050288374999999996 0.021845642592592585
0 0.12427361145833332 0.6112924879629631 0.012089708333333324 0.03003670185185181
0 0.1266644796875 0.6200759990740741 0.006675657291666678 0.016870735185185226
0 0.17520520260416667 0.6361214500000001 0.04478768020833332 0.01221245925925929
0 0.13986521666666668 0.6825281398148149 0.028761166666666643 0.04965286851851847
0 0.13987813333333332 0.7016619648148148 0.022100016666666694 0.03887948518518525
0 0.17929605677083332 0.7705078657407407 0.08820362604166665 0.046599398148148174
0 0.13718078958333332 0.754650049074074 0.021412474999999986 0.008556368518518487
5 0.06632291666666668 0.7122592592592593 0.012718750000000015 0.03231481481481491
5 0.2939375 0.36975925925925923 0.011229166666666623 0.029055555555555557
0 0.4377817536458334 0.5527232787037037 0.013361978125000007 0.016166042592592467
5 0.6665436848958333 0.5279842675925925 0.02713875104166663 0.0177187129629629
5 0.21326041666666667 0.39996296296296296 0.023499999999999993 0.014574074074074073
