5 0.753125 0.6203703703703703 0.060416666666666674 0.040740740740740744
0 0.5561354166666668 0.44675925925925924 0.029583333333333406 0.007037037037037064
0 0.7000625 0.40244444444444444 0.03659374999999998 0.00940740740740742
0 0.9971032979166666 0.43185040277777775 0.005793404166666738 0.007754298148148153
0 0.96685896875 0.44190512962962963 0.014116935416666587 0.008656007407407351
0 0.9841184161458334 0.5180842231481482 0.011060392708333366 0.005698635185185097
0 0.8101856453125 0.44296872870370374 0.0060878385416666125 0.008658898148148186
5 0.80309375 0.5721666666666667 0.006208333333333371 0.00983333333333325
5 0.7758958333333332 0.4278888888888889 0.0034895833333333792 0.006314814814814773
5 0.8008854166666666 0.7175185185185186 0.004072916666666537 0.008740740740740716
0 0.7331711354166667 0.8522137509259259 0.05471388541666666 0.04949232407407411
0 0.7432249484375 0.9132599509259259 0.07559135729166666 0.06689645
0 0.7405688302083333 0.8799095777777777 0.043777293749999946 0.04418172592592595
0 0.7349778859375 0.9256927777777778 0.0551315843750001 0.049400700000000075
