0 0.6643424526041667 0.03853424722222222 0.02810100937500004 0.07706849444444444
0 0.4861952817708334 0.2766345601851852 0.037978994791666665 0.20126578703703701
0 0.2979651197916666 0.1251695648148148 0.06612703333333331 0.036871162962962986
0 0.3376087765625 0.7223672268518518 0.031207636458333354 0.029077609259259285
0 0.32449081145833336 0.8092250046296297 0.12173837708333335 0.05431168333333347
0 0.3284578026041667 0.7868875342592592 0.11880138229166665 0.05656201296296304
0 0.30976268697916665 0.835841511111111 0.09781263854166672 0.04413560370370373
0 0.27360295833333337 0.8671671268518518 0.02271223333333333 0.017613635185185217
0 0.36146956822916665 0.8948010861111111 0.10182365312500002 0.08869585740740737
0 0.6226433911458333 0.7942381305555556 0.1863544677083333 0.046951298148148135
0 0.6902574796875 0.7768248962962963 0.008529244791666724 0.03827527777777784
0 0.6645585005208333 0.5670976564814816 0.023174517708333342 0.04825034629629632
0 0.8737579734375001 0.5512403074074074 0.037358978125 0.09402233333333343
0 0.8450315588541667 0.22597953148148148 0.04073717395833332 0.24320683333333337
0 0.43908066562500003 0.04645528703703704 0.01654182708333335 0.01461413703703704
0 0.7360572458333333 0.7350679722222222 0.02480688333333325 0.017280022222222247
