0 0.4092489213541667 0.7349230185185185 0.008201294791666702 0.009369766666666668
5 0.4374212645833333 0.7265190972222222 0.021925862500000004 0.010039061111111192
5 0.4689993989583333 0.7215263314814815 0.011600341666666625 0.008129340740740787
5 0.4880159505208333 0.7071198638888889 0.01709309895833333 0.015755931481481578
5 0.4991247557291667 0.6933329712962963 0.009291178125000077 0.008176361111111086
5 0.5113328041666667 0.6661754916666667 0.011658935416666627 0.011987846296296234
5 0.6273913489583334 0.36509717592592594 0.0088849333333334 0.015279962962963023
5 0.14349846458333332 0.4301932046296296 0.010717629166666659 0.018243646296296323
0 0.025838216145833336 0.3966540074074074 0.0066764322916666625 0.009333766666666687
5 0.010775128645833333 0.12261848703703704 0.007959878125000002 0.01489921481481482
5 0.028271683854166667 0.09096017037037037 0.01069174270833333 0.021210040740740732
5 0.0399658203125 0.09773365185185184 0.011452636458333325 0.021022859259259244
5 0.06644978854166667 0.09920247407407408 0.005607095833333339 0.011025029629629618
0 0.06784648697916666 0.05765941481481482 0.026255217708333327 0.046291755555555564
5 0.0551397703125 0.059491825925925924 0.004608967708333335 0.0069856777777777684
5 0.065445725 0.04840643333333333 0.008291095833333317 0.019003392592592587
5 0.021872761979166665 0.014460359259259259 0.0035461427083333316 0.016328125925925925
5 0.14183614114583332 0.1235405824074074 0.0032556156250000134 0.0087883388888889
0 0.5124428187500001 0.43056133425925924 0.007898718750000033 0.027172631481481524
5 0.11560316822916666 0.7114940444444444 0.004314542708333327 0.00739968518518519
