5 0.04108337447916667 0.6426605898148148 0.018712971874999998 0.005199653703703677
5 0.06605550104166667 0.6422887731481481 0.02251302083333334 0.0049479166666666075
5 0.11414143906249999 0.6383279074074074 0.04543701145833333 0.01016420740740731
5 0.16099243177083333 0.5490787759259259 0.01721923854166668 0.018985100000000088
5 0.1666689046875 0.6369270833333334 0.005752359375000016 0.0060763888888888395
5 0.20699218749999998 0.6359020537037037 0.0513745125 0.006712962962962976
5 0.24486063645833334 0.6334118203703704 0.006663818749999995 0.005712529629629648
5 0.2899611333333334 0.6297400509259259 0.04615924583333336 0.014157050000000004
5 0.34893269843749997 0.6290433305555556 0.04328206354166669 0.008209635185185138
5 0.4670940114583333 0.6231167657407408 0.07175897291666672 0.011605635185185093
5 0.684335884375 0.28130004814814813 0.002648656249999992 0.015537492592592572
5 0.629043771875 0.40332125185185186 0.005474320833333213 0.009153137037037073
5 0.5285675046875 0.2655620657407407 0.0042183427083333225 0.00866464259259253
5 0.3450148520833333 0.4103088833333333 0.003988037499999986 0.009359085185185245
5 0.33208699531249997 0.5309903064814815 0.004173990624999957 0.006744790740740747
5 0.35028849270833334 0.5461150898148148 0.0037019854166666644 0.005933883333333334
0 0.28238932291666663 0.6155378324074073 0.003736979166666654 0.007371961111111158
5 0.2879264322916667 0.622605975 0.00598714166666664 0.013360098148148092
0 0.20866678854166665 0.6284172453703705 0.00881795208333333 0.0060358796296297035
0 0.22420735677083334 0.6138212537037038 0.007770996874999991 0.01381727407407396
0 0.26352986666666667 0.5892838546296296 0.0037280270833333073 0.008197338888888961
0 0.2680590817708334 0.6168098962962962 0.0051529947916666985 0.006953125925925896
0 0.27511128697916665 0.60776765 0.002912190625000033 0.003580729629629631
0 0.27097005208333336 0.5992968750000001 0.0037288416666665936 0.007853009259259358
