0 0.25560464166666663 0.7221951398148148 0.00974384791666666 0.014594738888888847
0 0.2501013130208333 0.6511341435185185 0.008722688541666662 0.005911483333333245
0 0.24956706562500003 0.6434870675925927 0.008604254166666686 0.005475427777777764
5 0.2423125 0.30903703703703705 0.0199583333333333 0.027388888888888907
5 0.24248958333333334 0.34414814814814815 0.018041666666666678 0.027425925925925965
5 0.24876041666666665 0.3973888888888889 0.00924999999999998 0.02012962962962961
5 0.246375 0.4970555555555556 0.010635416666666703 0.013759259259259304
5 0.24265624999999996 0.5201296296296296 0.0044270833333333315 0.008111111111111069
5 0.24598958333333332 0.7317777777777777 0.005333333333333329 0.007851851851851777
5 0.25062500000000004 0.7916666666666667 0.014614583333333347 0.025111111111110973
5 0.2521979166666667 0.855 0.009989583333333357 0.011462962962962897
0 0.5566910822916666 0.8046356398148149 0.012598462499999963 0.005128753703703803
0 0.22864583333333333 0.08148148148148149 0.02812500000000001 0.03703703703703705
