0 0.19221891822916665 0.998634761111111 0.0033604385416666493 0.0027304777777777955
0 0.224998671875 0.9902096101851852 0.010161016666666689 0.019580779629629674
0 0.3216158916666667 0.9905026231481482 0.011855847916666662 0.018994753703703626
0 0.4308631510416667 0.8304213388888888 0.019512745833333345 0.005587107407407421
0 0.41194319739583335 0.8754190824074074 0.032539217708333346 0.029861816666666652
0 0.446614790625 0.8867309324074074 0.034849293750000065 0.03882652777777773
0 0.5085312838541667 0.9207867333333333 0.03167463229166678 0.015852492592592582
0 0.5941571953125 0.9166991537037037 0.10841289270833332 0.05480311481481481
0 0.2695854458333333 0.7542580027777778 0.015050993749999964 0.0077356759259259444
0 0.5973382338541666 0.631604787037037 0.254539871875 0.12252188888888882
5 0.758343625 0.2525124314814815 0.004480043749999996 0.01333139629629626
5 0.7573844020833334 0.21665694444444444 0.005881222916666706 0.007513148148148158
0 0.3579215703125 0.5946326101851852 0.15959140312499998 0.11250800185185184
0 0.44747872968749997 0.7809851759259259 0.13742596562499998 0.02701203703703703
5 0.7176683260416667 0.5993642055555556 0.0048006458333332835 0.012884988888888893
5 0.6933745385416668 0.6424109435185186 0.011587537499999967 0.013719131481481406
0 0.7743273036458334 0.6266160379629631 0.005907338541666807 0.11676514629629631
0 0.6769006348958333 0.5875585935185186 0.002664388541666729 0.020302372222222198
