5 0.00518758125 0.19206804907407407 0.0103751625 0.010046483333333356
5 0.04122436510416667 0.19540328425925924 0.021885580208333335 0.015437646296296265
5 0.20548074166666666 0.1907015787037037 0.08517893541666666 0.006875316666666659
5 0.37054850260416666 0.19292317777777776 0.0599837239583334 0.009687500000000016
0 0.5596771239583334 0.3008261 0.02518758124999998 0.030703125925925945
5 0.5595131578125 0.29947487314814814 0.00669738645833351 0.01291764629629627
0 0.5846670479166667 0.3218394203703704 0.04147487916666659 0.01718531481481478
0 0.5903916421875 0.31981770833333334 0.013074951041666671 0.034356190740740755
5 0.5801776125 0.3090643083333333 0.00980997708333331 0.0101294833333333
0 0.5835182697916668 0.23987774907407405 0.00719767291666662 0.029406827777777783
0 0.5617091880208334 0.4446730324074074 0.007572021874999946 0.00822627222222222
0 0.35026570677083335 0.3501139324074074 0.05036783854166671 0.0713375277777778
5 0.26588499479166666 0.4597985916666667 0.004211170833333333 0.00999833518518517
5 0.11740262968750001 0.3660406694444444 0.004876665625000012 0.011912835185185155
5 0.11469559062500001 0.35572836203703706 0.004546052083333321 0.009083324074074084
5 0.20303096874999998 0.7939441425925926 0.006025579166666656 0.014295007407407523
5 0.21398744375 0.7905496453703703 0.0060311729166666606 0.012530642592592622
5 0.2674933604166667 0.7735296472222222 0.008329916666666659 0.02116023518518506
