0 0.7745479411458334 0.2577235018518519 0.2856416864583333 0.5154470037037038
0 0.855224175 0.23652748425925924 0.10871689166666665 0.14709859814814816
0 0.870046128125 0.17607680740740742 0.053536489583333235 0.06634421851851852
0 0.8650123786458332 0.19411197962962964 0.03597896145833335 0.04624274444444443
0 0.8308553723958334 0.23151866296296297 0.030372615625000043 0.03828193333333332
0 0.8654519036458332 0.2662611074074074 0.035952444791666704 0.019894899999999993
0 0.9126612505208332 0.18620284722222222 0.02244418645833335 0.1402161759259259
0 0.9369073901041667 0.1233593351851852 0.024443732291666742 0.028605425925925937
0 0.9068255067708333 0.09466295462962962 0.007337032291666601 0.00894804259259259
0 0.7880111755208332 0.283990062037037 0.028735023958333383 0.1225711203703704
0 0.7515179723958334 0.2316376101851852 0.0731054635416667 0.04005656851851855
0 0.5106032640625 0.057067693518518516 0.013951765625000112 0.11413538703703703
0 0.5518944010416666 0.41385959351851853 0.022652966666666607 0.1278859537037037
0 0.5061456333333334 0.38954426759259264 0.0030409500000000422 0.027389153703703706
0 0.5266607265625 0.503565237037037 0.0055735093750000075 0.04605163333333334
0 0.47418703125 0.4982016351851852 0.01900358958333337 0.06747262222222228
0 0.4205665369791667 0.2640695675925926 0.02040343645833337 0.009333449999999965
0 0.43079222135416667 0.33644469629629625 0.005077665625000005 0.0646277185185185
0 0.442497515625 0.48371992500000005 0.01594497708333331 0.03939575370370374
0 0.4193132520833333 0.5433119185185185 0.005356160416666644 0.03753981481481483
0 0.4888026354166667 0.7638488444444445 0.014475499999999974 0.042972796296296245
0 0.5315022286458333 0.7163781499999999 0.03901726770833336 0.00760217777777783
0 0.5207085692708333 0.7571661833333334 0.0063787760416665895 0.05521404814814812
0 0.6974024078125001 0.5392593953703704 0.00289033437499997 0.021762757407407296
0 0.7505026859375 0.6228018916666667 0.01783713020833333 0.0051459425925926006
