0 0.3357454932291667 0.3298954185185185 0.024993896875000032 0.16174466666666665
5 0.20130208333333333 0.8922407407407407 0.027270833333333327 0.019148148148148247
5 0.26747916666666666 0.8912592592592592 0.0494583333333333 0.03127777777777785
5 0.32498958333333333 0.8896111111111111 0.010083333333333333 0.022111111111111192
5 0.38358333333333333 0.8906111111111111 0.017249999999999988 0.034648148148148206
5 0.33690625 0.8982222222222223 0.010312499999999947 0.01938888888888879
0 0.347669275 0.8806529046296296 0.005450587499999937 0.01991052407407401
0 0.3078838979166667 0.8973679611111112 0.006151420833333365 0.00595174814814825
0 0.37219701875 0.9159060824074075 0.008267333333333349 0.01217407222222222
5 0.4065654166666667 0.8860127592592593 0.00715573958333332 0.01737167407407414
