0 0.46397422916666664 0.31756310648148145 0.05633439374999999 0.10338088703703702
5 0.47651091927083333 0.26176709537037035 0.005570915625000006 0.016687942592592542
5 0.4912224125 0.2628410277777778 0.01291318541666664 0.01825853333333327
5 0.5069207385416667 0.2904650370370371 0.01371292708333327 0.05144612962962963
5 0.6339187937499999 0.2708167435185185 0.015001350000000024 0.0213341870370371
0 0.48194252291666667 0.4351288361111111 0.003618116666666671 0.015850290740740736
0 0.4871370270833333 0.39728142499999997 0.0052601562500000365 0.02736156851851851
0 0.6147169244791666 0.33540573611111113 0.006397303124999865 0.024500372222222178
0 0.6439688625 0.30530450092592587 0.003933460416666645 0.012556742592592596
0 0.6651557744791666 0.31356171944444444 0.0052473593749999825 0.015768009259259252
0 0.6895578375 0.28344196388888887 0.00593887500000001 0.025494016666666675
0 0.6525107796875 0.38032986296296295 0.004481726041666745 0.0711756925925926
0 0.6167005239583334 0.46607145092592595 0.004018472916666682 0.028459672222222177
0 0.6385775989583334 0.4887015240740741 0.0036953166666666704 0.03179592592592595
0 0.6442949135416667 0.4247701259259259 0.0021310145833333127 0.008453688888888922
0 0.6619659817708333 0.42765916111111113 0.0021863885416666395 0.01739727777777772
0 0.6499995932291667 0.4263878037037037 0.0046573885416666405 0.014636140740740822
0 0.634951171875 0.4502079712962963 0.0021940104166666696 0.007452979629629597
0 0.6680716958333334 0.42552408796296304 0.0023510749999999803 0.01460286481481482
0 0.5993705239583333 0.45951497314814815 0.0032177729166666946 0.00874638333333333
0 0.4615578932291666 0.4146998564814815 0.0033271510416666428 0.021288587037037066
0 0.3870169901041667 0.47188580462962965 0.0025349947916666893 0.02983949074074077
0 0.35084768906249997 0.49405661203703705 0.0023451635416666394 0.01362526851851864
0 0.48055624583333334 0.5943774537037037 0.008519197916666665 0.019019292592592607
0 0.4663733015625 0.609287225 0.002756321875000023 0.026329246296296294
0 0.5306929526041666 0.6344382953703704 0.0022192385416667237 0.015699509259259226
0 0.5360432942708333 0.6329933453703703 0.002546386458333383 0.01663049814814821
0 0.5318046062499999 0.6579593462962963 0.0021484374999999334 0.019636862962962964
0 0.5396030682291667 0.5761150898148149 0.00331095312499996 0.012985387037037
0 0.451501871875 0.7097894962962963 0.006753743750000041 0.02476417777777762
0 0.4615106203125 0.6965071611111111 0.0031343593750000065 0.021903211111111154
0 0.45785888697916666 0.706055049074074 0.0021988927083333443 0.012039205555555488
0 0.4556549072916667 0.7044853157407407 0.0025435374999999705 0.014964553703703642
0 0.5872475177083334 0.9563982925925927 0.002828368750000032 0.01941695555555578
0 0.5966748046875001 0.9425235101851852 0.002551269791666644 0.014160157407407392
0 0.592144571875 0.9479253472222222 0.003669027083333276 0.017112268518518547
0 0.5530983479166667 0.9176598666666667 0.0028633625000000773 0.009393807407407362
0 0.6409871989583333 0.7486922842592593 0.01605420208333319 0.16689086481481485
5 0.054515875000000005 0.23897093425925925 0.06036979166666667 0.011443898148148113
0 0.041398315104166666 0.5336805555555555 0.013667398958333334 0.01208188518518527
0 0.06823649114583333 0.48106228333333334 0.00858154270833332 0.017157840740740782
0 0.13793426927083335 0.41965241574074075 0.0026656093750000165 0.01350187962962962
0 0.148545028125 0.41797779166666665 0.0027917479166666426 0.011385272222222187
0 0.28412576510416665 0.3988603638888889 0.0030942531250000016 0.01409732777777778
