0 0.005800323958333333 0.4948048212962963 0.011600647916666667 0.013102075925925993
0 0.048077797916666665 0.5143069425925926 0.09615559583333333 0.06539266666666677
0 0.1360841869791667 0.46135078888888886 0.0069515906250000314 0.007936925925925875
0 0.17195326197916666 0.46325712500000005 0.03922719479166667 0.0245388055555556
0 0.0516571078125 0.40980119074074073 0.004139307291666672 0.09149515555555554
0 0.2970771817708333 0.34680141388888885 0.0103518572916666 0.005119498148148105
0 0.2758627421875 0.38790552685185187 0.0077043947916666244 0.004873012962962997
0 0.26306952552083335 0.4349359805555556 0.01896583854166667 0.02102073148148148
0 0.26308544375 0.4336708944444444 0.005944960416666645 0.03635484444444442
0 0.28821544010416666 0.4454880972222222 0.01631197812499996 0.05632249814814816
0 0.28265564218749994 0.4526750055555555 0.015834961458333352 0.08366169629629633
0 0.36423570781250003 0.5199903203703704 0.0035700906250000775 0.05745470370370376
0 0.43297515833333333 0.38204164629629633 0.022486960416666646 0.015550262962962969
5 0.38640226666666666 0.32020764907407406 0.013893216666666652 0.019158257407407397
0 0.39261753593750004 0.7511160481481481 0.019828192708333303 0.05429435555555551
0 0.33102396041666665 0.8619040555555555 0.23025279583333333 0.04003762222222218
0 0.20823753281250001 0.7172091712962962 0.013103238541666645 0.08533280925925935
0 0.18375029062499998 0.7607697231481482 0.034887683333333336 0.018152594444444503
0 0.2787713625 0.3960586657407407 0.002751058333333334 0.010725549999999973
0 0.11953690885416665 0.39353443796296295 0.0734406364583333 0.059275301851851814
0 0.012969011458333334 0.4186943722222222 0.025938022916666668 0.024375288888888846
0 0.014199563020833333 0.4054519990740741 0.028399126041666667 0.02178543888888884
0 0.021192166666666665 0.42563406574074075 0.006900264583333333 0.058589157407407444
