0 0.3234945453125 0.8139835666666667 0.010110015625000024 0.04855082592592597
0 0.3860267276041667 0.7978530814814815 0.013589730208333317 0.15591162962962968
0 0.4898573963541667 0.8886550703703703 0.004190444791666692 0.047194159259259294
0 0.6173453166666667 0.9129304194444444 0.07810242916666665 0.08359926481481472
0 0.5552105010416666 0.39105105925925926 0.022545168750000122 0.08095465925925927
0 0.5833050182291667 0.39122488333333333 0.010890923958333243 0.07532117407407402
0 0.5226076510416666 0.41713587407407404 0.0034692562500000523 0.014302018518518478
0 0.4454176838541667 0.3639608648148148 0.007085367708333401 0.004218025925925906
0 0.38521129427083334 0.9168089509259258 0.02326503020833337 0.09459933518518515
0 0.5333068947916666 0.8481470916666667 0.028482137499999838 0.016579531481481502
0 0.1016691625 0.4419692518518518 0.013631658333333324 0.07180285555555554
