0 0.62867898125 0.4728523055555556 0.006918704166666734 0.028825262962963005
0 0.6394818395833334 0.4818670861111111 0.00628567916666678 0.014618764814814722
0 0.6615363833333333 0.4728721138888889 0.009166672916666618 0.02951856481481474
0 0.6558872109375 0.4766512277777778 0.008289213541666562 0.02640984814814812
0 0.6720255140625 0.4814839138888889 0.005821182291666727 0.020077279629629685
0 0.6810041604166667 0.4738922583333333 0.0078114854166666525 0.03019948703703701
0 0.8469774838541667 0.9735264361111111 0.02257769270833343 0.05294712777777777
0 0.9668247249999999 0.5639534231481482 0.032521927083333346 0.015127353703703661
0 0.7391064598958332 0.48185388333333334 0.015582303125000085 0.02547358518518511
5 0.7265208333333333 0.5827037037037037 0.006145833333333295 0.012907407407407367
