0 0.2778452557291667 0.4673014314814815 0.012009684375000051 0.020044125925925915
5 0.35070833333333334 0.6475 0.005364583333333339 0.008277777777777717
5 0.36443749999999997 0.7838888888888889 0.006708333333333316 0.007000000000000006
5 0.4568854166666667 0.8833518518518518 0.0031458333333333477 0.006314814814814662
0 0.14151573072916668 0.8704788027777778 0.0060095364583333255 0.02131319444444446
5 0.4790833333333333 0.5308888888888889 0.00484374999999998 0.01027777777777783
5 0.5051458333333333 0.4163148148148148 0.010052083333333295 0.0087592592592593
0 0.4802079265625 0.4419147861111111 0.007499186458333362 0.013748553703703703
0 0.4576979166666667 0.34711111111111115 0.0026875000000000093 0.017925925925925956
5 0.43847916666666664 0.33344444444444443 0.004041666666666666 0.007277777777777772
5 0.44569791666666664 0.3371851851851852 0.003062499999999968 0.005833333333333357
5 0.5223958333333334 0.303962962962963 0.00519791666666658 0.006537037037037063
5 0.20860416666666667 0.36150000000000004 0.0025000000000000022 0.007277777777777772
5 0.0020364583333333333 0.9511666666666667 0.0040729166666666665 0.012388888888888894
