5 0.63148960625 0.27953652777777777 0.02152153958333325 0.017795744444444428
5 0.6569684515624999 0.3339429287037037 0.02433995104166664 0.11758414259259259
5 0.4276778651041666 0.27865112314814816 0.049209273958333355 0.019834449999999948
5 0.34831060572916667 0.27282617407407406 0.02375519687500005 0.004370303703703671
5 0.311297534375 0.2776871527777778 0.04288746249999997 0.015401212962962985
5 0.24269917812500003 0.27432002314814813 0.08060668958333331 0.009380787037037042
5 0.18364562968749998 0.27287254074074074 0.012707926041666678 0.007226562962962979
5 0.1561470541666667 0.27419451666666667 0.026044108333333343 0.011336081481481464
5 0.11780314114583335 0.2727448638888889 0.044356282291666674 0.00919343148148144
5 0.04183451354166667 0.27439820277777777 0.08366902708333333 0.01294219814814812
0 0.008873380729166666 0.5123000027777778 0.017746761458333333 0.09665474629629628
0 0.6056177015624999 0.4011988240740741 0.04809448854166665 0.1841929185185185
