0 0.24117417291666665 0.6452011361111112 0.014077968750000003 0.018858805555555525
0 0.5997256859375 0.8884623611111111 0.10883433229166672 0.045801270370370406
5 0.41418750000000004 0.8964814814814814 0.005416666666666681 0.009351851851851944
5 0.40769791666666666 0.8843518518518518 0.006781249999999961 0.010499999999999954
5 0.49621875000000004 0.7885740740740741 0.0031666666666665955 0.007314814814814774
5 0.2936875 0.7091111111111111 0.0055937500000000084 0.008814814814814831
5 0.40039583333333334 0.6808703703703703 0.006489583333333382 0.009314814814814776
5 0.9444434984375001 0.9608401712962964 0.01778332604166677 0.02609882037037059
5 0.92384375 0.9946851851851852 0.003875000000000073 0.006370370370370471
5 0.8953020833333334 0.9965185185185186 0.00491666666666668 0.0058888888888889435
5 0.8849270833333334 0.9481851851851852 0.0025208333333333055 0.00592592592592589
5 0.792 0.8987037037037038 0.005604166666666743 0.00838888888888889
5 0.6203020833333334 0.9230925925925926 0.004343750000000091 0.006185185185185071
5 0.6753541666666667 0.8784444444444445 0.005281250000000015 0.00649999999999995
5 0.24321875 0.6153148148148148 0.023687500000000028 0.0217222222222222
5 0.29791666666666666 0.5031296296296296 0.005302083333333374 0.007444444444444365
0 0.5411057567708333 0.13216626203703705 0.07096879687500002 0.2643325240740741
0 0.36460088125 0.011880883333333333 0.01518923124999999 0.023761766666666666
5 0.3784375 0.0002916666666666667 0.006364583333333396 0.0005833333333333334
0 0.6623802520833333 0.12533891111111112 0.08195459583333331 0.25067782222222224
