0 0.02550226197916667 0.5738068277777779 0.007408828124999999 0.10107788888888891
0 0.06380087864583334 0.604534613888889 0.07173936770833333 0.08778882407407418
0 0.0348566390625 0.7825159064814815 0.005616609374999998 0.03176662777777772
0 0.03656909114583333 0.8287088990740741 0.012311863541666669 0.012281342592592503
0 0.2553560395833333 0.7480872861111111 0.007541637499999976 0.03815001296296283
0 0.52732966875 0.8553259740740741 0.006019293749999988 0.024685762962962876
0 0.6548426578125 0.9071411787037036 0.009230965625000143 0.013655283333333323
0 0.6750513765624999 0.8157999027777778 0.2526887031249999 0.03472678703703713
0 0.74639548125 0.16215200555555553 0.08335425625000004 0.02562022222222224
0 0.6789657119791668 0.2868366861111111 0.12425166562500001 0.21361339814814817
0 0.2626373177083334 0.24838478333333333 0.1423781541666667 0.18975756296296292
5 0.5173125000000001 0.8192407407407407 0.004812499999999997 0.01100000000000001
5 0.5560625 0.7972777777777778 0.004302083333333373 0.00883333333333336
5 0.6358645833333334 0.9074629629629629 0.010718749999999999 0.014425925925925953
5 0.6740208333333333 0.9050925925925926 0.009437500000000099 0.013000000000000012
5 0.692625 0.9050925925925926 0.011843750000000042 0.010925925925925895
