0 0.0016971395833333333 0.2716836425925926 0.0033942791666666666 0.0082497222222222
0 0.41864314375 0.3727746953703704 0.19955720208333338 0.054606864814814804
0 0.4104009515625 0.30217087685185184 0.011635073958333297 0.023978909259259273
5 0.23670833333333333 0.23825925925925928 0.008416666666666683 0.011314814814814805
5 0.5702395833333334 0.257462962962963 0.004114583333333255 0.008111111111111124
0 0.4780146359375 0.47176515185185186 0.025192680208333318 0.011097633333333357
0 0.5113578286458333 0.4655251731481481 0.005992838541666656 0.008739872222222222
0 0.007272948958333333 0.596528325 0.014545897916666667 0.02530561666666664
0 0.07228942916666667 0.7042462388888888 0.019167887500000008 0.025159144444444448
0 0.04590983072916667 0.730658275 0.009377440625000004 0.0038483796296295836
0 0.019592367708333332 0.8360307305555555 0.013445054166666665 0.010079694444444565
0 0.6436811880208333 0.9815255092592592 0.0038464593750001663 0.03694898148148151
0 0.6524707885416667 0.9957914435185184 0.002360977083333382 0.008417112962962991
0 0.6431827286458334 0.9281814120370371 0.0036828093749999846 0.0337254388888889
0 0.11891752239583334 0.8305680425925925 0.053443942708333345 0.05245751111111108
0 0.19729616458333332 0.9128910925925926 0.03727549791666665 0.056227322222222154
0 0.2847963895833333 0.81021935 0.018238260416666707 0.013972870370370538
0 0.24832191354166666 0.9875603 0.01944122291666661 0.024879400000000107
0 0.4943661359375 0.994941562037037 0.00562729895833336 0.010116875925925917
0 0.6061264411458334 0.9998092333333334 0.0019040552083333662 0.00038153333333323936
0 0.5394548161458333 0.9229379027777778 0.022048817708333335 0.01257591296296301
