0 0.40893550729166667 0.7456953157407408 0.014517679166666686 0.02979723148148139
5 0.5168458958333333 0.5025955157407408 0.007379925000000065 0.011068424074074212
0 0.7280428838541667 0.34273017499999997 0.0031879822916667244 0.014587520370370366
5 0.7584392859375 0.409257512962963 0.009576232291666598 0.03848922962962964
5 0.8403045942708334 0.4897425703703704 0.010198009374999928 0.013432396296296278
0 0.9449205838541667 0.41644217222222224 0.025559811458333304 0.04983403703703704
0 0.9567537526041667 0.347258024074074 0.014600148958333281 0.032397399999999965
5 0.5794976380208334 0.18764506111111112 0.005375913541666777 0.011420985185185167
0 0.3183202854166667 0.31627974444444446 0.010630997916666662 0.025922470370370432
0 0.7985927083333333 0.5798877268518519 0.0034074812499998997 0.010569009259259299
