0 0.4993132286458333 0.09804379722222223 0.06381089687499991 0.013672694444444453
0 0.82476998125 0.19784765 0.0220029270833334 0.049823118518518505
0 0.7379223078125 0.8345083425925925 0.524155384375 0.31320756296296304
5 0.22090625000000003 0.17107407407407407 0.013770833333333315 0.00838888888888889
5 0.26140625 0.12437037037037038 0.005958333333333288 0.010166666666666657
5 0.24705208333333334 0.06990740740740742 0.0059583333333333155 0.007796296296296287
0 0.5867819869791666 0.9508572805555555 0.03488634270833335 0.09828543888888885
0 0.44518716458333335 0.8948068351851852 0.009301072916666708 0.02219227777777777
0 0.4734173807291666 0.8951841074074074 0.004656030208333328 0.013993018518518419
0 0.3534859953125 0.985216200925926 0.01980374895833331 0.029567598148148133
0 0.3740860317708333 0.9599602648148147 0.016503036458333287 0.03319534074074071
0 0.40336165625 0.8549294675925926 0.039567343749999984 0.013500546296296267
5 0.3784375 0.9916342592592593 0.006364583333333396 0.016731481481481403
5 0.38276041666666666 0.8411666666666666 0.013802083333333326 0.016240740740740667
0 0.29633408802083333 0.7215578953703704 0.09509734479166665 0.08090872037037045
0 0.6202341255208333 0.9141762129629629 0.021206807291666685 0.17164757407407405
0 0.6792698447916666 0.7895421342592592 0.2334508125000001 0.0941778351851853
0 0.75264961875 0.6128029768518518 0.025020800000000065 0.015501972222222271
0 0.7436367692708333 0.5990840805555555 0.014400648958333484 0.009274790740740668
0 0.7791062901041668 0.6300170796296296 0.04030672604166663 0.018554896296296253
0 0.7881417494791667 0.6136519407407408 0.017448363541666678 0.00940891851851855
0 0.7542947677083334 0.6316599805555555 0.009858629166666577 0.00799445740740734
0 0.7559846385416666 0.6240631953703704 0.019421977083333486 0.0078928240740741
5 0.6929687499999999 0.3385 0.010312500000000058 0.021685185185185196
5 0.7255833333333332 0.17214814814814813 0.005041666666666722 0.013370370370370366
