0 0.11937068229166667 0.6532503175925927 0.13138726875 0.012418372222222196
0 0.6069869234375 0.6944331138888888 0.012087488541666747 0.01026630925925931
0 0.6225019281249999 0.7556903324074074 0.008938502083333355 0.046083949999999985
0 0.6287197703125 0.7446122074074074 0.007946594791666706 0.04267808888888891
0 0.6337886192708333 0.6575803 0.002867440624999995 0.020997770370370317
0 0.6366702114583334 0.42029442037037035 0.0038199562499999784 0.09220370370370368
0 0.5693088500000001 0.49045226666666664 0.002683364583333403 0.013704292592592537
0 0.44164978020833334 0.41919994259259263 0.006702881249999959 0.0044241888888889025
0 0.5984891838541666 0.31302015185185184 0.012594286458333381 0.015518648148148073
0 0.6039760333333333 0.2502025462962963 0.03071492499999995 0.06209056666666668
0 0.6401032713541667 0.18828144166666666 0.0022515135416667498 0.021512683333333338
0 0.6390560614583334 0.26198337037037034 0.0027496020833334134 0.0196823333333333
0 0.4952139244791667 0.15986979629629627 0.024935376041666624 0.013218559259259272
0 0.6427227953125001 0.04807600648148148 0.005809601041666723 0.09615201296296295
0 0.6525272755208333 0.026950267592592593 0.0024663239583333496 0.053900535185185186
0 0.25576221718750003 0.0013012833333333335 0.0032320802083332656 0.002602566666666667
0 0.05404298177083333 0.20820810833333334 0.10808596354166666 0.0586823314814815
0 0.2508322427083333 0.4923562037037037 0.020963241666666715 0.025366585185185198
0 0.19913554218750001 0.49669544814814814 0.010303878125000027 0.005663159259259309
0 0.49091471302083334 0.012395287962962962 0.0079065239583333 0.024790575925925925
0 0.6028612984374999 0.002745101851851852 0.009358080208333397 0.005490203703703704
