5 0.0029426927083333336 0.1652891861111111 0.00359523125 0.010922090740740714
5 0.2865050645833333 0.15382490833333332 0.19565986874999994 0.03629796111111111
5 0.5351255291666667 0.13100368888888891 0.039209391666666704 0.010815248148148132
5 0.5794453937499999 0.13131148703703704 0.024515787500000052 0.011882233333333325
5 0.43053454270833336 0.21063705648148148 0.0046960541666666855 0.006874779629629624
5 0.4407796864583333 0.21091925092592595 0.0038249333333333357 0.006207501851851843
5 0.6168208822916668 0.6924446611111111 0.003433431250000063 0.017243200000000014
5 0.6206378177083334 0.8969281685185186 0.005187581249999851 0.012004485185185154
0 0.05510009791666667 0.22015588796296298 0.008634439583333334 0.005702401851851863
0 0.06890075677083334 0.18403609722222225 0.009051513541666667 0.008959057407407406
0 0.2923081463541667 0.49157552129629634 0.002324626041666722 0.009971064814814745
0 0.3611848953125 0.214838325 0.007353515624999973 0.005972946296296272
0 0.3597979734375 0.22042679444444443 0.01593139687500006 0.010802951851851872
0 0.3470245359375 0.22512116574074076 0.003752034374999935 0.007649738888888896
5 0.3535251875 0.18868453425925924 0.004367268750000042 0.0057081870370370436
