0 0.3626363213541667 0.6796743509259259 0.04860403645833333 0.3484206277777777
0 0.466525346875 0.7975098722222222 0.05686107916666666 0.4049802555555556
0 0.4911319609375 0.9667538055555556 0.02116226770833335 0.06649238888888886
0 0.6202596109375 0.874059412962963 0.015610251041666579 0.15009571481481476
0 0.6563178223958333 0.8306096379629629 0.0408644302083333 0.08612879814814822
0 0.6473658385416667 0.843355174074074 0.02657440624999985 0.1160018259259259
0 0.6518506552083334 0.7970074787037037 0.03901652083333318 0.04304582407407409
0 0.6829868651041666 0.828691787962963 0.03299993437500004 0.14106469814814815
0 0.6874351624999999 0.7753256972222222 0.03699639166666657 0.031907012962962944
0 0.96247166875 0.6015864685185186 0.006879331250000176 0.012154951851851892
