5 0.6787822156250001 0.4419123398148148 0.002801047916666577 0.014163657407407382
5 0.6789947510416666 0.40331090833333333 0.003197835416666628 0.007732927777777787
5 0.6786804197916667 0.37035047777777774 0.003610839583333303 0.008849103703703676
5 0.6782462567708334 0.33393265370370373 0.0036946614583333037 0.006613859259259225
5 0.6528285098958333 0.15703573981481483 0.00745726979166661 0.00621293888888888
5 0.667598521875 0.16839796666666668 0.011132043749999987 0.01701990370370371
5 0.6762339270833333 0.19434461851851853 0.0049296062500000515 0.03128182962962964
5 0.6777207442708333 0.22685112777777777 0.0034395343749998863 0.03153935185185183
5 0.4263933927083333 0.16110760092592594 0.060494031250000024 0.01319960555555555
5 0.37879170729166667 0.15883825277777774 0.02300008124999997 0.008292824074074084
5 0.2728196338541667 0.16133132592592592 0.185194065625 0.011181170370370391
5 0.17437194843749998 0.158727575 0.005618896875000029 0.005666957407407414
5 0.1141946046875 0.16352191296296298 0.10353705937500002 0.014534588888888894
5 0.050204264062500004 0.15955439814814815 0.0032088218749999967 0.005149014814814806
5 0.016375732291666667 0.1617201972222222 0.00781656875 0.007510127777777792
5 0.02379679375 0.15961046018518518 0.0053019208333333345 0.004330872222222226
5 0.15826553124999998 0.6698942527777778 0.01702879166666668 0.012928783333333471
0 0.21416743020833334 0.785623899074074 0.03991143333333333 0.015220801851851817
0 0.6705250760416667 0.9058760888888889 0.008568943750000058 0.02654364444444446
0 0.5999508124999999 0.8264561370370371 0.0048631354166667196 0.0059595407407407874
