0 0.08274639687499999 0.36017564907407407 0.013079118749999993 0.005517868518518543
0 0.18674060989583335 0.21616011851851852 0.028455196875000005 0.006723481481481497
0 0.32803485833333335 0.2148192046296296 0.15739758750000002 0.022572446296296317
0 0.16223131197916668 0.01190519537037037 0.06404841145833332 0.02381039074074074
0 0.20982907135416667 0.023172930555555558 0.027873728124999997 0.046345861111111115
0 0.19707981041666667 0.08713759074074073 0.01567094166666666 0.010339177777777778
0 0.3124406348958333 0.009690013888888889 0.013390655208333324 0.019380027777777777
0 0.425529046875 0.06122851666666666 0.009532183333333277 0.018317925925925925
0 0.6343206890624999 0.04489221018518519 0.008778907291666749 0.012214253703703708
5 0.15919687656249998 0.2293705509259259 0.00708895729166667 0.01002337592592592
