0 0.48711033281250005 0.49350458703703703 0.008127644791666666 0.3323449666666667
0 0.5823508255208334 0.46639836944444446 0.048846221874999984 0.06462147592592588
0 0.5087840968749999 0.591892562037037 0.0037994499999999265 0.02092329074074073
0 0.5179557770833334 0.585350575 0.003937250000000003 0.025765150000000014
0 0.5790828182291667 0.5312463537037038 0.029338490624999936 0.006797118518518608
0 0.93346955 0.06301490092592592 0.021523752083333347 0.014144464814814815
0 0.4635696260416666 0.2161763916666667 0.010189191666666597 0.032401816666666666
5 0.6193780015625001 0.5407525638888888 0.0059309489583333486 0.01622720185185178
0 0.6174152234375001 0.32965256944444443 0.05108049270833337 0.006675687037037026
0 0.6148518880208333 0.5233007814814815 0.007204590625000007 0.010506366666666711
5 0.8796517942708333 0.4050261314814815 0.005675484375000095 0.010622644444444385
0 0.8459305968749999 0.5284020648148149 0.0036634249999999424 0.014625074074073985
