0 0.41200254114583335 0.2956334453703704 0.008400044791666728 0.08754441296296295
0 0.420312303125 0.25956103425925925 0.029513456250000014 0.05006620925925928
0 0.4598173208333333 0.3670527435185185 0.007786881250000044 0.02448432777777776
0 0.5207649739583333 0.2656011277777778 0.0038216145833332993 0.018641492592592568
0 0.5617016598958333 0.3043688509259259 0.0049837239583332416 0.09540436851851852
0 0.6415602473958334 0.22035027685185185 0.08237634270833327 0.006677068518518514
0 0.6696461354166667 0.20958798055555555 0.028632558333333336 0.004622698148148169
0 0.6991967828125001 0.20942859444444445 0.015777144791666697 0.004700237037037036
0 0.7151427385416667 0.24450997870370372 0.0024548812499999295 0.024870094444444463
0 0.6400349901041666 0.2937916175925926 0.009253617708333328 0.07355203148148148
0 0.746362625 0.286432062962963 0.015389804166666687 0.061879822222222214
0 0.7731161005208333 0.24482621203703703 0.0038395322916666696 0.017276901851851822
0 0.8570608703125 0.43286108888888886 0.00955193645833341 0.031231292592592608
0 0.9338252317708333 0.3570735657407408 0.016496926041666637 0.009017609259259263
0 0.9767573786458333 0.32741009907407403 0.029961859374999955 0.04280982407407413
0 0.9878167062500001 0.28101280185185185 0.02436658749999998 0.023217881481481517
0 0.9355934973958333 0.5935037314814815 0.019854457291666572 0.033277674074074115
0 0.9944270833333333 0.5830012351851852 0.01114583333333341 0.015650907407407377
0 0.4994263104166667 0.40107496481481486 0.0059316791666667035 0.016685488888888933
0 0.5213893921875 0.5098114055555556 0.00993204479166665 0.13670891481481473
0 0.5900341635416666 0.5852936703703704 0.02397432916666664 0.10985548148148139
0 0.615740490625 0.6726466712962963 0.015973066666666647 0.030669935185185127
0 0.6665672458333334 0.6100229277777778 0.03432167083333337 0.11916191481481475
0 0.7294222713541667 0.7088874842592593 0.016053607291666605 0.01712178703703704
5 0.3727083333333333 0.7223333333333334 0.005177083333333388 0.008574074074074067
0 0.4751416046875 0.7681871231481482 0.004037651041666646 0.022830272222222225
0 0.6814208161458333 0.277926112962963 0.250890459375 0.02145376296296292
0 0.6542635906250001 0.16412282407407408 0.10870618333333326 0.009269162962962957
5 0.6577291666666667 0.17924074074074073 0.004406250000000056 0.006833333333333358
