5 0.4804905302083333 0.02962962962962963 0.015231060416666664 0.05925925925925926
0 0.7298870791666667 0.1561772314814815 0.20946677916666656 0.312354462962963
0 0.7309516703125001 0.3414876212962963 0.1270745260416667 0.6829752425925926
0 0.8538022921874999 0.2897227314814815 0.0096182302083333 0.022844433333333303
0 0.77983595625 0.21324283518518516 0.11526007083333334 0.13296372222222216
0 0.7095863104166666 0.35280349814814815 0.021302693749999935 0.09932057407407402
0 0.7052479046875 0.3978615194444444 0.021161498958333302 0.11036203148148149
0 0.14603054479166666 0.030441192592592595 0.2645643520833333 0.06088238518518519
0 0.011464515625 0.9573459157407407 0.01771200833333333 0.02584335370370372
0 0.013006017708333335 0.9333384111111112 0.010715291666666668 0.016105459259259325
5 0.614625 0.17285185185185187 0.004635416666666559 0.009666666666666657
5 0.6377916666666666 0.08092592592592593 0.003958333333333286 0.007185185185185197
5 0.8196458333333334 0.11325925925925925 0.005416666666666736 0.009962962962962965
5 0.4725625 0.9622962962962962 0.013343749999999988 0.013555555555555432
5 0.4826979166666666 0.9480740740740741 0.0055937500000000084 0.0070740740740740105
5 0.5176770833333333 0.9217592592592593 0.003510416666666627 0.0047962962962964095
5 0.5075624999999999 0.8878888888888888 0.00377083333333339 0.006740740740740714
5 0.46272916666666664 0.8289814814814815 0.0035520833333334 0.007333333333333303
5 0.41684374999999996 0.9648148148148148 0.005802083333333374 0.007425925925925947
5 0.0241875 0.8694074074074074 0.007864583333333335 0.010574074074074069
5 0.08136458333333332 0.7353703703703705 0.0076562499999999895 0.013481481481481539
5 0.15978124999999999 0.8636111111111111 0.00604166666666664 0.012092592592592655
5 0.14315624999999998 0.8656111111111111 0.006604166666666661 0.0065740740740740655
5 0.10327083333333334 0.8482222222222222 0.0048958333333333215 0.008111111111111069
5 0.11546875000000001 0.9358148148148149 0.005302083333333332 0.006962962962962949
5 0.1409375 0.9042407407407407 0.0057395833333333535 0.01055555555555554
0 0.326193440625 0.9037518083333334 0.020720214583333396 0.014238279629629647
0 0.48736567343750004 0.5745561990740742 0.02936279895833338 0.017450505555555496
