0 0.24504166666666666 0.6775 0.008739583333333356 0.006759259259259354
0 0.3401845296875 0.6795710361111111 0.007016194791666652 0.007397279629629661
0 0.11721875000000001 0.6795925925925925 0.00623958333333334 0.00824074074074066
0 0.11073958333333334 0.6696666666666666 0.00441666666666668 0.008185185185185184
0 0.10036458333333333 0.6780925925925927 0.00462499999999999 0.014555555555555544
0 0.21673600208333332 0.47369622777777776 0.19801176041666668 0.3342304074074074
5 0.33772916666666664 0.18103703703703705 0.005239583333333353 0.010259259259259274
0 0.29377206718750004 0.0958124935185185 0.009222828125000027 0.02194899444444444
5 0.29709375 0.5607777777777778 0.005968749999999967 0.01259259259259271
5 0.15833333333333333 0.5319814814814814 0.004906249999999973 0.00925925925925919
5 0.13341666666666668 0.3805925925925926 0.004364583333333366 0.009888888888888892
5 0.12042708333333334 0.3791111111111111 0.004239583333333324 0.009888888888888836
5 0.14620833333333333 0.3790740740740741 0.004416666666666652 0.011518518518518539
5 0.0083125 0.3564259259259259 0.004333333333333334 0.00507407407407412
