5 0.37860880572916666 0.4048647277777778 0.007672526041666683 0.021717303703703672
5 0.39131734218750003 0.3059194157407408 0.036345621874999956 0.06849681666666668
5 0.43748881041666665 0.2727235240740741 0.013675537500000001 0.005228588888888885
0 0.38553710937499996 0.30062174444444445 0.006263020833333355 0.00402994814814811
0 0.6282656692708334 0.7401082435185184 0.011775305208333364 0.01885610925925929
0 0.46023323437499997 0.8082971407407407 0.017189777083333302 0.013568125925925822
0 0.4768892598958333 0.993262426851852 0.004184469791666645 0.013475146296296203
0 0.6768737791666667 0.9839568861111111 0.010278320833333465 0.02354456111111114
5 0.6240028494791666 0.29110130648148147 0.008791423958333322 0.01230541666666668
5 0.6920452885416667 0.2580830435185185 0.011986897916666628 0.011124131481481503
5 0.7199808760416666 0.2590375425925926 0.03327473958333338 0.015395688888888925
5 0.8150933833333334 0.24986436574074072 0.006791585416666579 0.00895037592592593
5 0.8333603921875 0.24971571203703702 0.008179117708333239 0.010502024074074051
5 0.8839558921875 0.3205512148148148 0.004838053125000075 0.008509837037037005
5 0.8562164307291666 0.24465530925925927 0.020438232291666636 0.004762007407407398
5 0.9056684739583334 0.36585900092592594 0.0063481583333332425 0.01737424259259257
0 0.8508909098958334 0.9958242907407406 0.004413655208333367 0.007697481481481527
