0 0.34860608489583333 0.05427173425925926 0.02205777187500002 0.03580988703703704
0 0.4471097927083333 0.046994712037037034 0.025899827083333327 0.008748150000000003
0 0.520505609375 0.11778162222222222 0.03145029791666665 0.015243381481481466
0 0.5993166072916667 0.1588106064814815 0.007802674999999981 0.007667568518518519
0 0.530791015625 0.26642397314814814 0.005540364583333401 0.006956742592592602
0 0.5248222552083334 0.8059518361111111 0.03363531666666675 0.007782687037036995
0 0.8475366875000001 0.7645999064814815 0.008862585416666735 0.019544079629629563
0 0.904379103125 0.6955419611111111 0.03318602083333344 0.048693818518518395
0 0.9938921203125 0.7877250453703704 0.0039056822916666567 0.01201819074074073
0 0.9930724734375 0.23617642222222224 0.013855053125000016 0.014298111111111095
