0 0.0161265265625 0.9095208888888888 0.02130799895833333 0.08450430370370376
0 0.0032728807291666664 0.9789228842592592 0.006545761458333333 0.04215423148148145
0 0.036703003125 0.8377950444444444 0.019320247916666672 0.03662806296296295
0 0.08458089166666667 0.8208266064814815 0.0037926208333333156 0.05359394999999989
0 0.08800104895833333 0.9015273314814815 0.00412008333333333 0.06412890000000004
0 0.1334427791666667 0.9909753324074074 0.010521272916666685 0.018049335185185145
0 0.10930077604166666 0.9484189777777777 0.004860329166666663 0.03578111481481483
0 0.11266876041666667 0.9235291861111111 0.006751160416666679 0.03436765000000008
5 0.6488042921875 0.8328834888888889 0.008937819791666746 0.014407118518518391
0 0.6885957197916667 0.5025766907407407 0.009850733333333306 0.017460388888888956
