0 0.6851082505208334 0.09289553703703704 0.04346969062500006 0.18579107407407408
0 0.8596938302083333 0.17205568796296294 0.05041338541666662 0.05169749074074073
0 0.24513731041666664 0.15485858703703703 0.007372506249999994 0.04166425555555553
0 0.925348321875 0.6956677833333333 0.14930335625000002 0.018644151851851865
0 0.9774270677083333 0.6145619703703704 0.013410750000000027 0.014642677777777835
0 0.7614350510416666 0.9190915749999999 0.009722437500000014 0.00958573518518524
5 0.72600130625 0.9214984861111111 0.012414243749999887 0.011417446296296263
5 0.9255188010416667 0.9068184212962963 0.011385645833333236 0.01209693148148161
5 0.9587109276041668 0.9059528212962963 0.023605744791666772 0.017633205555555476
5 0.9926716942708333 0.9069411703703704 0.014656611458333302 0.019245196296296285
