5 0.44320594270833336 0.3832071231481482 0.0029283937500000357 0.029285983333333376
5 0.44626976406249996 0.5351084398148148 0.009333948958333338 0.13002729444444444
5 0.9309952796875001 0.7575810185185186 0.01808024062499991 0.007278644444444482
5 0.9625738526041667 0.7574424916666667 0.019106038541666703 0.005485387037037048
5 0.9411943739583333 0.4508522648148148 0.011785197916666657 0.015970418518518492
5 0.8363206572916667 0.29481984537037037 0.009932606250000031 0.01544334629629629
0 0.7633465578125 0.431931062037037 0.004535726041666632 0.005397135185185142
5 0.798533390625 0.09166203148148147 0.011082814583333267 0.01291925555555555
5 0.8343870916666667 0.07819394166666666 0.006436449999999927 0.018180153703703697
5 0.9091432760416667 0.10004298518518517 0.006938508333333315 0.020199548148148158
0 0.5371087057291666 0.032795664814814815 0.035199346874999926 0.010650025925925927
0 0.5835671442708333 0.060199997222222225 0.0402303739583334 0.021597827777777787
0 0.6270973713541667 0.0687594037037037 0.0029447427083333366 0.004555844444444457
0 0.5892527265625 0.08033637129629628 0.010552978125000001 0.011737557407407409
0 0.5501851401041666 0.12528428796296298 0.0053702802083333 0.005383390740740748
0 0.8202355666666666 0.04577523611111112 0.004380043749999896 0.013617661111111116
0 0.8627641104166667 0.011030024074074074 0.003913918749999912 0.006617455555555555
0 0.8749894161458334 0.035886519444444445 0.005184457291666611 0.007798842592592586
0 0.937898353125 0.025605574074074076 0.005038506249999908 0.010929151851851851
0 0.5665383208333333 0.4806738287037037 0.018772316666666677 0.008454861111111156
0 0.6106604005208334 0.5790407981481481 0.028404134375 0.007469618518518573
