5 0.9930320229166667 0.5399442999999999 0.004812418750000047 0.012481192592592616
5 0.9665983072916667 0.4395033990740741 0.006117350000000021 0.011616753703703686
5 0.8246498619791667 0.3826182722222222 0.009719644791666648 0.020421729629629626
0 0.8108911130208334 0.3901855472222222 0.003132323958333294 0.013545283333333324
0 0.7932818604166667 0.3855222796296296 0.0023645020833333863 0.009645544444444487
0 0.8055672197916666 0.4063317425925926 0.0030094395833332177 0.008872974074074058
0 0.789445190625 0.4179003907407407 0.002848714583333467 0.01623191481481484
0 0.524470825 0.45778573518518517 0.0026550291666667114 0.013365162962962973
0 0.5633996583333334 0.45623191574074073 0.005161133333333234 0.012727142592592555
0 0.5599194338541666 0.4556387444444444 0.0021492510416667443 0.013822337037037002
0 0.5558630369791666 0.4837105759259259 0.0018457031249999867 0.03102068888888887
0 0.5881762453124999 0.43265437037037036 0.006597269791666638 0.03786370740740741
0 0.6493829343749999 0.6026837379629629 0.00654418958333336 0.024809027777777715
0 0.6436110432291666 0.5775549768518519 0.002816976041666641 0.007867475925925849
0 0.7459867348958333 0.6075860824074074 0.002390136458333414 0.016958912962962813
0 0.7807486979166667 0.6243742768518519 0.0017586270833331863 0.02062789444444446
0 0.9847930906250001 0.6317769824074074 0.005860595833333315 0.021121961111111087
0 0.9793231203125 0.6358326101851852 0.00906290729166681 0.004628183333333258
