0 0.23591729687500002 0.1195508 0.08518844375000004 0.06659329259259258
0 0.18218683958333332 0.018888930555555555 0.016925593749999995 0.03777786111111111
0 0.1927583953125 0.011022015740740743 0.01994759895833334 0.016164801851851852
0 0.2597303505208333 0.017577123148148147 0.018918876041666643 0.02920282407407407
0 0.03981615625 0.20552631203703703 0.004949712500000002 0.01385041666666667
5 0.10579166666666667 0.07677777777777778 0.006822916666666665 0.011240740740740732
5 0.12203125000000001 0.05427777777777778 0.004458333333333342 0.008296296296296302
5 0.197 0.050129629629629635 0.004770833333333335 0.008203703703703706
0 0.5697560807291666 0.24547404907407405 0.006832357291666646 0.04473802777777777
0 0.5895691671875001 0.28945149444444446 0.0064906093750000116 0.0363179555555555
0 0.5992865510416667 0.33895284259259256 0.006254441666666666 0.0296003037037037
0 0.6146537869791666 0.3471341694444444 0.004267001041666663 0.019262868518518494
0 0.5913567734374999 0.37115623703703704 0.004224855208333267 0.018908900000000006
0 0.5737154260416667 0.412749487037037 0.0036260791666666847 0.017367714814814805
0 0.6136918380208334 0.42020990185185186 0.004164803125000005 0.013942403703703699
0 0.6326445067708333 0.4658259444444445 0.004971690625000025 0.025750974074074118
5 0.5230416666666666 0.6168888888888888 0.0042604166666667664 0.007703703703703657
5 0.5128333333333333 0.6058888888888889 0.003166666666666651 0.006296296296296244
5 0.3960416666666667 0.6174074074074074 0.0026562500000000266 0.005796296296296299
