0 0.5389364432291667 0.7739497361111111 0.05412316145833329 0.011780987037037116
0 0.6527733973958334 0.7764347861111112 0.0884711885416668 0.010304072222222294
0 0.7531831822916666 0.7779584500000001 0.0366718229166666 0.00818684074074072
0 0.7621580026041667 0.8827204462962963 0.028068848958333392 0.07836487777777779
0 0.4982568291666667 0.9383740481481482 0.017382962499999988 0.02822804444444449
0 0.47108079166666667 0.9773441851851852 0.009335527083333295 0.04531162962962976
0 0.49431592552083337 0.909932400925926 0.005848305208333349 0.016025412962963004
0 0.5181050911458334 0.08525539907407408 0.00992791979166674 0.0207607537037037
0 0.5451648468750001 0.12121374444444445 0.01246740624999998 0.02050311851851852
5 0.4626345427083334 0.07624427407407408 0.0414186229166667 0.027349440740740735
5 0.5391957958333333 0.15213912592592593 0.02531051875000001 0.01956756296296297
