0 0.932395559375 0.006181021296296297 0.007174041666666686 0.012362042592592593
0 0.7136188729166666 0.6271940703703704 0.02125620625000002 0.01957237777777776
5 0.7504583333333333 0.48220370370370375 0.006406249999999947 0.010759259259259246
5 0.4115416666666667 0.5472962962962964 0.007739583333333355 0.00853703703703712
5 0.4172083333333333 0.563962962962963 0.005749999999999977 0.017166666666666663
5 0.4349895833333333 0.6380185185185185 0.010947916666666724 0.010351851851851834
5 0.4038541666666667 0.4850555555555556 0.005666666666666709 0.009000000000000008
5 0.45676041666666667 0.40707407407407403 0.004833333333333356 0.00903703703703701
5 0.46772916666666664 0.4424814814814815 0.0061354166666666154 0.009000000000000008
0 0.39754331510416663 0.5159987916666666 0.007061776041666634 0.017717901851851736
5 0.5435937500000001 0.3692592592592593 0.005447916666666663 0.01100000000000001
5 0.41822916666666665 0.23909259259259258 0.003916666666666679 0.0075925925925925675
5 0.4886666666666667 0.2933703703703704 0.00529166666666675 0.007648148148148182
5 0.7230937500000001 0.15850000000000003 0.004885416666666642 0.008444444444444449
