0 0.6480661005208332 0.5098553027777778 0.025243955208333335 0.22297262777777777
5 0.6419521104166667 0.5479950944444445 0.04904108541666674 0.09408771111111103
0 0.6516916541666666 0.5711620944444444 0.008163477083333315 0.07256662222222221
0 0.62509741875 0.5029742120370371 0.03052321875000008 0.20609498333333331
0 0.6124336729166666 0.5524981657407407 0.008657320833333482 0.07209885740740729
5 0.6640625 0.48703703703703705 0.028124999999999956 0.14444444444444443
5 0.7494791666666667 0.3 0.021874999999999978 0.059259259259259234
5 0.6576249999999999 0.24142592592592593 0.006802083333333431 0.016462962962962985
5 0.5330833333333334 0.6278703703703703 0.017156249999999984 0.023666666666666614
5 0.4542291666666667 0.6141111111111112 0.013052083333333298 0.02240740740740743
0 0.3170798916666666 0.319965062037037 0.038192812500000006 0.0577323574074074
0 0.49534468020833333 0.7792265592592593 0.03500692083333329 0.02801458518518507
0 0.5825836390625 0.8567509907407407 0.06165575104166665 0.16193580370370364
0 0.6183354380208332 0.890961162962963 0.014666953124999993 0.014227211111111138
0 0.620032778125 0.9274705916666666 0.010671045833333226 0.011764105555555626
0 0.7466959734375 0.8122231675925926 0.04313821354166669 0.17779695370370374
0 0.6587278265625001 0.9469644157407408 0.02063979270833316 0.1060711685185185
0 0.5740440713541667 0.5838785092592593 0.03396773854166679 0.05535152592592596
0 0.5996415713541667 0.6083527083333333 0.01873450729166659 0.03610046111111109
5 0.5176054932291667 0.3858933361111111 0.012791540624999986 0.06126279444444449
5 0.69740328125 0.9340252842592593 0.02342290833333327 0.047088624074074104
0 0.21489875 0.8130861787037037 0.0024247625000000106 0.022059927777777766
5 0.4489895833333334 0.11681481481481482 0.005187499999999956 0.009759259259259273
