0 0.47187770937499995 0.6451078453703704 0.04681893541666665 0.08485607222222225
5 0.49010077500000004 0.7611442592592592 0.017956283333333378 0.1018268185185186
5 0.4993080583333333 0.8800615666666667 0.01865493541666663 0.06498800000000005
5 0.4786458333333333 0.9564814814814815 0.019791666666666652 0.08703703703703702
0 0.5201360395833333 0.9216555509259259 0.05129363333333331 0.02545024629629633
0 0.5893387859375 0.9244307 0.008885905208333433 0.01917679259259264
0 0.5769236244791667 0.9214409722222223 0.02168823229166672 0.013625577777777731
0 0.60120320625 0.9356231916666666 0.005984699999999954 0.011143664814814769
0 0.6049365234374999 0.9306278935185186 0.006748046874999969 0.019774305555555594
0 0.6109136546875 0.9708301888888888 0.04227583229166665 0.05833962222222222
0 0.6085400390625 0.950010850925926 0.003946126041666664 0.01161747592592588
0 0.6644875583333334 0.9686451972222223 0.024390477083333306 0.06270960555555549
0 0.7519426239583333 0.7979725342592593 0.06444443958333335 0.10848635370370374
0 0.6090808213541667 0.4398006962962963 0.0077406697916667655 0.013131992592592567
0 0.6958338234375 0.273284262962963 0.010751232291666746 0.013318966666666654
0 0.7753200927083332 0.31855275 0.07952631458333348 0.028213644444444408
0 0.8647722041666667 0.08575358611111111 0.04547329166666669 0.07311286481481481
0 0.8692316265625 0.07824252500000001 0.030047023958333363 0.04988365000000001
0 0.03134812916666667 0.9879381694444445 0.06269625833333334 0.024123661111111194
5 0.12572916666666667 0.10498148148148148 0.019468749999999993 0.03594444444444443
5 0.27875 0.9107592592592593 0.007177083333333334 0.013833333333333364
