5 0.48476365 0.1722337611111111 0.048864945833333395 0.014196218518518489
5 0.5246689859375 0.16787037037037036 0.021975505208333246 0.006545140740740751
5 0.449293290625 0.26627172962962964 0.001923685416666654 0.010395277777777767
5 0.4499305848958334 0.33421493888888887 0.003611334374999997 0.014305962962962882
5 0.45012046614583334 0.3606939342592593 0.0033470593750000166 0.017773053703703745
5 0.4499188234375 0.3814435037037037 0.002545980208333354 0.011775896296296273
5 0.63219435 0.7952397175925925 0.004492510416666651 0.008229846296296306
5 0.9693487546874999 0.16161964722222222 0.015155842708333367 0.007437790740740746
5 0.8822814942708334 0.1648820888888889 0.0201879885416667 0.011245659259259244
5 0.7875223796875 0.16416413425925924 0.02921549479166674 0.006720920370370337
5 0.7225321140625 0.1665199888888889 0.09943922812500006 0.011828366666666645
0 0.5379901500000001 0.253509262962963 0.025671100000000058 0.008419625925925961
0 0.6116014723958334 0.7776759712962962 0.04972165937500006 0.00926084629629631
0 0.557725715625 0.5589855611111112 0.010712464583333303 0.03270036296296308
0 0.8970760864583334 0.8582480796296297 0.008496174999999995 0.007639611111111111
