0 0.42662886510416664 0.6573822037037037 0.010164951041666703 0.044941144444444525
0 0.4703194484375 0.709888162037037 0.00702519270833335 0.0677007092592593
0 0.7296338255208333 0.9014361833333333 0.010439213541666659 0.03091055925925923
0 0.6843538583333334 0.9234387731481482 0.006011979166666626 0.004934649999999818
0 0.7596489541666667 0.9826436472222222 0.02944611458333324 0.03471270555555561
0 0.8271257755208333 0.8749824324074074 0.04235324687500008 0.09967012777777773
0 0.8668769958333333 0.9204887203703703 0.005516850000000018 0.005199355555555618
0 0.9314367979166667 0.9014872 0.008737154166666539 0.03365040740740732
5 0.6181354166666666 0.9465370370370371 0.009927083333333253 0.016444444444444484
0 0.990097009375 0.32700086018518515 0.019805981249999993 0.024987012962962962
