0 0.14516425 0.3783043175925926 0.14472295833333335 0.059945716666666704
0 0.150213384375 0.22793965277777778 0.12333190625000001 0.05092354629629628
5 0.17222127291666667 0.34974681759259263 0.030123697916666664 0.016371527777777783
5 0.20146423333333335 0.3526164648148148 0.010998941666666678 0.011708622222222187
5 0.11148681614583333 0.376356337037037 0.015847982291666673 0.022138311111111086
5 0.09440205885416666 0.2456333185185185 0.011842040625000022 0.013830296296296257
5 0.10172607447916666 0.24202980277777777 0.00960205104166667 0.015170716666666695
5 0.10972147604166667 0.23385995370370372 0.010239664583333336 0.00944444444444445
5 0.12314453125 0.22720377592592592 0.007135416666666658 0.01658492592592592
5 0.14813435885416668 0.2159016925925926 0.006883138541666667 0.014822770370370386
5 0.14152933750000002 0.21830295092592591 0.008058674999999987 0.012161457407407428
5 0.16038106302083333 0.20995044814814817 0.01086140937500002 0.013536603703703715
5 0.1704066973958333 0.20608145277777778 0.008275146875 0.016977720370370375
5 0.184169921875 0.20532154166666666 0.015559895833333337 0.016133535185185177
5 0.20700805625000002 0.20755099814814815 0.0056705729166667 0.008812933333333328
0 0.6884502046875001 0.05861814259259259 0.011822855208333372 0.012669092592592593
0 0.61735555 0.20016348333333334 0.005575358333333336 0.00716869259259259
