5 0.133621465625 0.23118718055555554 0.040568024999999994 0.011070705555555588
5 0.230348528125 0.23261405000000002 0.11821058541666671 0.030350262962962976
5 0.33785664895833334 0.21859989907407407 0.09566528333333335 0.013707320370370368
5 0.5818379192708334 0.20651207314814815 0.008640890624999953 0.00839705370370375
5 0.6075746666666667 0.3839680990740741 0.004473877083333244 0.04756582777777785
5 0.6090940348958334 0.4364149305555556 0.0038968906249998714 0.013605324074074054
5 0.154345221875 0.2882313712962963 0.005910206249999966 0.009995187037037057
0 0.17230824375 0.3744965157407407 0.006072224999999987 0.004158994444444453
0 0.3221899671875 0.26643098796296294 0.00232443854166664 0.015565127777777799
0 0.3696686098958333 0.30621346111111114 0.014963101041666704 0.08268690370370368
5 0.302502034375 0.2633206740740741 0.004795735416666669 0.006872829629629595
5 0.6098893291666667 0.6878511629629629 0.0057850354166666396 0.008595503703703877
0 0.22817708333333336 0.2806851851851852 0.006572916666666678 0.01431481481481478
