0 0.4327524807291667 0.14753343055555557 0.02331348854166665 0.29506686111111113
0 0.4822891359375 0.008751056481481482 0.009869157291666597 0.017502112962962963
0 0.7316912286458332 0.08701263981481482 0.01659361145833327 0.014941090740740737
0 0.6030022015625001 0.26475016018518516 0.010993542708333304 0.06962354629629627
5 0.94884375 0.7549814814814815 0.005989583333333437 0.017425925925925956
5 0.9261979166666667 0.7707407407407407 0.004020833333333362 0.007129629629629708
5 0.8094270833333334 0.7869259259259259 0.004885416666666531 0.007574074074074177
5 0.8469479166666667 0.8167962962962962 0.005260416666666767 0.008222222222222242
5 0.8711458333333333 0.8042962962962963 0.004270833333333335 0.007592592592592595
5 0.9066666666666667 0.7927222222222222 0.005864583333333284 0.008814814814814831
5 0.917625 0.799962962962963 0.007427083333333417 0.009425925925925838
5 0.9203333333333334 0.7862777777777777 0.007687499999999958 0.010629629629629544
5 0.9111770833333332 0.8085185185185185 0.0063750000000000195 0.007222222222222241
0 0.8610245770833334 0.8139131222222222 0.0082991541666666 0.018231337037037054
5 0.9996744791666667 0.7450740740740741 0.0006510416666666297 0.010981481481481481
