5 0.5239270833333334 0.052500000000000005 0.004374999999999907 0.006351851851851852
0 0.88371875 0.025407407407407406 0.007770833333333282 0.0061666666666666675
0 0.6781294354166667 0.11958624814814814 0.022699202083333314 0.23917249629629628
0 0.5068479984375001 0.15508343055555557 0.004961348958333334 0.01396236481481486
0 0.46357092135416667 0.23812169537037037 0.013358592708333339 0.0090101759259259
0 0.45768183385416666 0.2589596444444444 0.003923234375000084 0.024179074074074103
0 0.453806328125 0.3389511453703704 0.022767722916666677 0.14623695370370365
0 0.5311307609375 0.4125126194444445 0.0076486572916666384 0.00965114629629632
0 0.5673541260416667 0.4521824361111111 0.041916910416666564 0.04917968703703701
5 0.49595833333333333 0.23557407407407407 0.005249999999999977 0.00853703703703701
