0 0.6126459552083333 0.1312584537037037 0.009321752083333301 0.1656440888888889
0 0.5310579088541667 0.3044167675925926 0.003521994791666594 0.06372721296296296
0 0.5649809989583334 0.18695682407407407 0.004059016666666637 0.019850499999999993
0 0.40779060312500004 0.16565396574074073 0.009135945833333381 0.02119953148148146
0 0.39441679947916664 0.17147175740740742 0.0028523135416667067 0.01262789259259256
0 0.6189046223958333 0.5915769675925926 0.017600911458333313 0.042181712962962914
0 0.6069665526041667 0.583080874074074 0.0021468093749998918 0.012087674074073962
0 0.4442146807291667 0.4198206018518519 0.008627115625000015 0.016462674074074035
5 0.5725632729166668 0.4499359814814815 0.004458414583333403 0.009275896296296271
5 0.6157987463541668 0.4919039351851852 0.004300130208333308 0.007201966666666615
5 0.622882690625 0.39858000555555556 0.0058435062499999635 0.011018518518518539
5 0.6810663979166667 0.6989766888888889 0.03559604791666671 0.05542462222222233
5 0.16565829114583333 0.43780465925925927 0.010397513541666625 0.027417796296296315
5 0.1525380078125 0.44474488333333334 0.006098196874999989 0.017619766666666647
0 0.13562925208333335 0.5039132648148148 0.005103889583333354 0.014963066666666691
0 0.14415257916666668 0.5324907611111112 0.007031866666666692 0.025665211111111086
0 0.28263375520833334 0.4888843787037037 0.007967141666666566 0.011035527777777776
0 0.2567563630208333 0.6072261546296296 0.010508228124999963 0.005328957407407353
0 0.092127075 0.6300860814814815 0.011243083333333334 0.010502025925925862
0 0.05264282239583333 0.5953226277777778 0.0025773114583333354 0.023608218518518465
