0 0.6074802479166667 0.3126132435185185 0.014788900000000105 0.011203638888888867
0 0.6034202984375001 0.3530574166666667 0.002210915624999976 0.017838566666666722
0 0.8497830182291667 0.31739579166666665 0.004495651041666715 0.035375961111111076
0 0.9101175942708333 0.4084280962962963 0.004180501041666673 0.01981915555555558
0 0.9206555177083333 0.2544816990740741 0.006429849999999959 0.03624204259259259
0 0.9152292885416666 0.24542136851851853 0.0019169104166666395 0.01195384814814815
5 0.9224192302083334 0.23229492222222223 0.022963460416666748 0.007182437037037026
5 0.9653578692708333 0.23356228333333334 0.021549071875000103 0.007494937037037047
0 0.88420759375 0.5497977314814815 0.003729310416666687 0.020979559259259206
0 0.8770197255208334 0.6482218425925925 0.003943209374999923 0.016547855555555713
