0 0.013706030208333332 0.34805076944444446 0.00576743125 0.038832642592592614
0 0.0201810046875 0.38027082592592587 0.003358646874999996 0.0227107222222222
0 0.0730016984375 0.38755606666666664 0.007648994791666669 0.027249977777777767
0 0.08375351718749999 0.3626054648148148 0.002684586458333346 0.013918192592592638
0 0.21736738489583335 0.43712390925925926 0.006055403124999997 0.043991307407407365
0 0.3420456239583333 0.3910520111111111 0.017283904166666697 0.02491903333333334
0 0.19569890208333332 0.6328943648148149 0.007483306249999988 0.006601544444444385
5 0.008041666666666666 0.3925740740740741 0.006843750000000001 0.008037037037037065
5 0.08140625 0.39768518518518514 0.005072916666666649 0.010944444444444479
5 0.05224489843749999 0.548055650925926 0.011347678125000003 0.01912859444444448
5 0.06055242604166666 0.6259070805555556 0.012282197916666675 0.02343032777777787
