0 0.9849533869791667 0.30128116388888887 0.011583240624999935 0.031209809259259313
0 0.9619928859375 0.3092546148148148 0.01948454687500001 0.016047688888888856
0 0.9320211374999999 0.33357273518518515 0.03849212708333338 0.03340827037037036
0 0.9297523375 0.3475314824074074 0.023613966666666597 0.017337738888888843
0 0.9749922838541667 0.3900715611111111 0.02884169479166654 0.03416886296296301
0 0.9369239166666667 0.6055137324074074 0.08053506875000005 0.019774094444444335
0 0.9706146890625 0.6586525527777778 0.011177573958333409 0.0549135648148148
0 0.75724715 0.5815806333333333 0.008537641666666707 0.027137751851851744
0 0.7257073677083333 0.5859693462962963 0.013568802083333331 0.033062996296296276
0 0.7204874390625 0.6157244768518517 0.01639953437499997 0.02875820185185185
0 0.7229813223958333 0.6373481351851851 0.009146886458333281 0.017990788888888942
0 0.6617940661458332 0.7005892333333333 0.011820319791666534 0.03732408518518526
0 0.6117376531250001 0.6706863277777777 0.01133550833333341 0.017777122222222164
0 0.75891319375 0.7408061527777778 0.14616948541666663 0.013621116666666766
0 0.7857034651041668 0.7651221046296296 0.015430001041666697 0.0361557388888889
0 0.8530272046875 0.8469885749999999 0.06668996770833324 0.019367831481481468
0 0.926101165625 0.950946087037037 0.0670938145833333 0.058750033333333285
0 0.9262066442708334 0.9695133509259259 0.003605896875000014 0.0473096092592592
0 0.9059645598958332 0.9320144287037038 0.017755423958333183 0.01770762777777779
0 0.9320199489583334 0.8878760277777777 0.014399216666666548 0.009502085185185138
0 0.9360434385416667 0.9110239185185185 0.004714327083333414 0.024111744444444305
0 0.9241926796875 0.9163735324074074 0.00821702604166663 0.005566142592592582
0 0.9618714145833334 0.889990587037037 0.006472472916666638 0.02918902592592587
0 0.7155134057291666 0.9877935120370369 0.012292355208333272 0.017643057407407348
0 0.598792928125 0.9832186777777778 0.0037447104166666856 0.010881800000000053
0 0.6140386963541666 0.850636574074074 0.018797607291666685 0.01201388888888888
5 0.802966525 0.6763058555555556 0.010870570833333315 0.01604726666666667
0 0.8814969947916667 0.6764884962962963 0.00653555208333334 0.004754088888888952
0 0.7960154213541667 0.7704159435185185 0.0036975093750000187 0.006869212962963056
0 0.61988064375 0.23878255185185188 0.004671491666666583 0.011218170370370345
