5 0.8845126009259259 0.8633914052083334 0.022420333333333375 0.018373404166666663
5 0.8204474546296296 0.22025871276041667 0.1091050907407407 0.04385757447916666
5 0.45099441805555557 0.208544359375 0.10457668425925937 0.015185484374999975
0 0.15625 0.65625 0.020833333333333315 0.0078125
5 0.1671347574074074 0.5702004744791667 0.013888888888888895 0.01171875
0 0.647205412962963 0.3213918651041666 0.01388888888888884 0.021484375
5 0.04257337685185185 0.18555068932291666 0.01771511481481481 0.00473480052083336
5 0.23336385046296299 0.19678344739583334 0.12783881203703706 0.020520019791666677
5 0.7160393611111111 0.20070686328124998 0.026523166666666764 0.007663726562500001
5 0.8768466527777778 0.28684310963541665 0.011503090740740629 0.012049867187500007
5 0.23354577407407406 0.40905112005208333 0.017908590740740776 0.007760353645833273
5 0.885704887037037 0.6120712283854166 0.015032281481481502 0.03351745677083329
5 0.7964287643518518 0.6167198182291667 0.013245986111111163 0.010377504166666718
5 0.32516121851851854 0.7737462424479167 0.015101298148148146 0.010792226562500007
