0 0.013888888888888888 0.5947265625 0.027777777777777776 0.033203125
0 0.2182206263888889 0.844919871875 0.0057106490740740645 0.005319642708333294
0 0.2183502013888889 0.8134812294270833 0.005444715740740735 0.0064261776041667495
0 0.21783406388888887 0.7845375674479167 0.004396079629629596 0.00342455677083342
0 0.2148407537037037 0.7389401697916667 0.0069444444444444475 0.004652879166666679
5 0.7141332347222222 0.7142505252604167 0.015130823148148176 0.011882034895833282
5 0.7132338925925925 0.7002282479166666 0.01388888888888895 0.007243441666666683
0 0.7148089509259259 0.6620585127604166 0.011935944444444346 0.008640713020833357
0 0.7108839634259259 0.6507147940104165 0.014245843518518542 0.0070535567708333025
0 0.7005281962962963 0.63932426484375 0.042122996296296344 0.009555990104166745
0 0.6989089444444445 0.6265118916666667 0.03890145925925925 0.01381336145833334
5 0.7081756236111111 0.4850510341145833 0.022955656481481457 0.022625126562499986
5 0.706780588425926 0.45177417473958337 0.0435814898148148 0.027918353645833338
5 0.7710628662037038 0.3711778057291667 0.029277184259259292 0.017691408333333325
